change = [0.224, 2.24, 3.00];
final = [0.0, 0.0, 0.0];
start = [-0.352, -3.44, -3.44];
t = [2.24*10^-6, 2.24*10^-6, 3.12*10^-6];

tau = t/log(1-(change/(final-start)))