k1 = 20.9736; %N/m
k2 = 7.7922; %N/m

L1 = .150;%m
L2 = .175; %m

k1*L1*L1*L1
k2*L2*L2*L2