k1 = 20.9736; %N/m
k2 = 7.7922; %N/m

L1 = .050;%m
L2 = .070; %m